282,382
283,383
282,384
281,384
280,385
280,386
282,386
281,386
280,385
281,384
283,384
283,382
134,380
136,382
136,383
138,385
137,386
138,385
141,388
141,389
143,391
143,394
144,395
143,396
143,397
143,396
144,395
143,394
144,393
145,393
146,394
146,397
146,393
144,393
143,392
143,391
142,390
142,389
141,388
143,386
143,384
142,383
142,381
142,383
143,384
143,386
141,388
137,384
137,383
482,375
482,376
483,377
483,386
482,387
482,393
481,394
481,397
481,394
482,393
482,387
483,386
483,376
480,372
479,373
479,378
480,379
480,391
479,392
479,396
478,397
479,396
479,392
480,391
480,379
479,378
479,374
480,373
231,344
231,345
232,346
232,350
232,349
233,348
235,350
236,350
238,352
238,353
239,353
236,350
237,349
238,349
237,349
236,350
235,349
234,349
233,348
234,347
233,348
232,347
232,345
149,333
150,333
158,332
159,332
160,333
161,333
160,333
159,332
153,332
248,331
247,332
246,332
244,334
242,334
241,335
240,335
241,336
241,337
241,335
242,334
244,334
246,332
247,333
248,332
249,333
249,334
247,336
245,336
247,336
248,335
249,336
252,336
253,337
256,337
256,336
257,335
258,335
257,335
255,337
254,337
253,336
249,336
248,335
250,333
251,333
250,333
249,332
249,331
340,329
341,330
341,331
342,332
341,333
340,333
338,331
337,332
336,332
337,332
338,331
340,333
341,333
342,334
341,335
333,335
332,334
333,335
342,335
342,331
341,330
341,329
176,326
175,327
174,327
173,328
168,328
167,327
164,327
167,327
168,328
172,328
173,329
177,329
178,330
179,330
180,331
182,331
184,333
185,333
186,334
187,334
189,336
188,337
189,337
190,336
193,339
193,340
198,345
198,346
197,347
198,346
200,348
200,349
201,350
201,351
203,353
203,355
204,356
204,359
205,360
205,363
206,364
206,377
207,378
207,380
208,381
208,384
206,386
206,397
206,386
207,385
208,386
208,397
209,397
208,396
208,387
209,386
212,386
213,385
212,385
211,386
210,386
208,384
208,381
209,380
208,381
207,380
207,378
208,377
211,377
209,377
208,376
208,364
207,363
207,361
208,360
210,360
207,360
207,363
206,364
205,363
205,360
204,359
204,356
205,355
206,356
206,358
206,355
205,354
205,352
204,351
204,350
203,349
203,348
200,345
200,343
199,342
198,342
199,342
200,343
200,345
199,346
198,345
198,344
197,344
196,343
196,342
194,340
195,339
196,339
197,340
196,339
197,338
198,338
199,339
199,340
199,339
198,338
197,338
196,339
195,338
195,337
193,335
192,335
190,333
190,332
191,331
192,331
188,331
188,333
187,334
186,334
184,332
183,332
182,331
180,331
179,330
178,330
177,329
174,329
173,328
174,327
175,327
176,326
177,326
179,328
180,328
181,329
184,329
186,331
185,330
185,329
181,329
180,328
179,328
177,326
190,322
190,323
193,323
194,322
196,324
197,323
199,323
201,325
204,325
205,326
207,326
208,327
208,328
207,329
206,329
205,328
200,328
199,327
198,327
197,328
195,326
193,326
192,325
188,325
187,324
187,323
187,325
192,325
193,326
194,326
195,327
196,327
197,328
198,327
199,327
200,328
205,328
206,329
208,329
208,327
207,326
205,326
204,325
205,324
204,325
202,325
201,324
200,324
199,323
197,323
196,324
195,323
195,322
193,322
192,323
191,323
259,318
261,320
260,321
258,321
257,320
256,320
257,320
258,321
259,321
262,324
263,324
264,325
263,324
262,324
261,323
261,322
260,321
261,320
171,318
170,319
169,319
170,319
171,318
172,318
175,321
175,322
174,323
167,323
175,323
175,320
173,318
181,310
180,311
180,312
182,312
183,313
183,314
182,315
182,320
187,320
186,320
185,319
186,318
187,318
187,317
189,315
191,317
190,318
189,318
190,318
191,317
193,317
194,318
193,317
191,317
190,316
190,315
188,315
188,316
187,317
186,316
186,314
187,313
186,313
185,314
186,315
186,316
187,317
184,320
183,320
182,319
182,316
183,315
183,312
181,312
180,311
190,305
189,306
190,305
191,305
192,306
191,307
191,308
190,309
188,309
187,310
186,310
185,309
184,310
185,309
186,310
188,310
189,309
191,311
191,310
190,309
191,308
192,308
193,309
192,308
192,306
193,305
195,307
195,308
195,306
194,306
193,305
192,306
191,305
303,290
303,292
304,293
304,292
303,291
304,287
305,288
305,289
307,291
306,292
307,291
309,293
309,294
313,294
314,293
315,293
316,294
316,295
317,296
317,297
317,296
318,295
319,296
318,295
318,294
319,293
324,293
326,291
325,290
325,289
325,290
326,291
324,293
320,293
319,292
321,290
320,291
319,290
319,289
319,290
320,291
319,292
316,292
315,293
314,293
313,294
310,294
309,293
309,292
310,291
312,291
313,290
315,290
313,290
312,291
310,291
309,292
308,291
308,290
309,289
310,289
309,289
308,288
308,290
307,291
305,289
305,288
217,287
216,288
213,288
216,288
217,287
220,290
219,291
216,291
215,290
216,291
219,291
220,290
222,292
222,293
223,294
223,293
216,284
217,285
218,285
225,292
225,293
226,294
225,295
225,296
226,297
224,299
223,299
221,297
222,296
221,295
220,296
220,297
221,297
223,299
224,299
226,297
227,298
227,299
228,299
232,303
232,302
227,297
226,297
225,296
225,295
226,294
227,295
225,293
225,292
224,291
224,290
222,288
223,287
222,288
221,288
217,284
336,279
337,280
336,281
332,281
335,281
336,282
335,283
336,283
336,281
337,280
279,279
280,280
281,280
282,281
282,283
283,282
284,282
285,283
286,283
287,284
287,285
289,285
290,284
291,285
291,288
292,289
292,290
290,292
289,291
290,292
293,289
295,291
294,292
294,294
295,295
296,295
294,293
294,292
295,291
296,291
298,293
298,295
298,293
297,292
299,290
300,291
300,292
300,290
299,290
298,291
297,290
297,288
295,286
295,285
293,283
294,282
296,282
297,283
298,283
297,282
294,282
293,283
291,281
289,281
288,282
287,282
286,283
285,282
285,281
286,280
287,280
285,280
285,281
284,282
283,282
281,280
280,280
296,278
296,279
295,280
296,279
297,280
298,280
300,282
300,283
301,284
300,285
301,286
299,288
300,288
301,287
301,286
302,285
301,284
301,283
300,282
300,281
299,281
323,277
324,278
322,280
322,281
323,282
326,282
326,281
325,280
326,281
325,282
324,282
322,280
324,278
325,278
326,277
327,278
328,277
329,278
329,279
331,279
330,279
329,278
330,277
328,277
327,278
326,277
325,278
324,278
358,271
358,275
363,280
363,281
364,282
364,283
365,284
365,285
366,286
366,287
367,288
367,290
368,291
368,294
369,295
369,296
370,297
370,299
371,300
371,302
372,303
371,304
371,308
372,309
372,310
370,312
370,317
371,318
370,317
370,313
371,312
371,311
372,310
374,310
376,312
376,313
377,314
377,316
377,314
376,313
376,312
375,311
375,310
373,310
371,308
371,304
372,303
371,302
371,300
370,299
370,297
369,296
369,295
368,294
368,291
369,290
368,290
367,289
367,286
365,284
365,283
364,282
364,281
363,280
363,279
358,274
358,272
359,271
360,272
360,273
361,273
367,279
367,280
371,284
371,285
375,289
375,290
379,294
379,295
381,297
381,298
385,302
385,307
386,308
386,312
385,313
385,316
384,317
384,318
382,320
382,321
381,322
381,323
379,325
378,324
379,325
375,329
374,329
372,331
370,331
368,333
366,333
365,334
363,334
362,335
356,335
355,336
348,336
347,335
347,331
348,330
348,315
349,314
349,312
350,311
350,305
351,304
351,303
352,302
352,298
354,296
355,296
353,296
352,295
352,294
353,293
353,292
354,291
354,287
355,286
355,284
356,283
356,280
357,279
357,278
357,279
356,280
356,283
355,284
355,286
354,287
354,291
353,292
353,293
352,294
352,295
353,296
353,297
352,298
352,302
351,303
351,304
350,305
350,311
349,312
349,314
348,315
348,330
347,331
347,335
346,336
344,336
355,336
356,335
362,335
363,334
365,334
366,333
369,333
371,331
372,331
374,329
376,329
381,324
381,323
382,322
382,321
384,319
384,317
385,316
385,313
386,312
386,308
385,307
385,302
384,301
384,300
381,297
381,296
379,294
379,293
375,289
375,288
371,284
371,283
367,279
367,278
362,273
361,273
360,272
360,271
341,269
342,270
342,271
343,271
344,272
343,273
341,273
339,271
339,270
337,272
338,271
339,271
340,272
339,273
342,273
343,274
343,273
345,271
343,271
342,270
342,269
288,264
287,265
287,266
289,268
291,268
290,268
287,265
258,264
260,266
260,268
259,269
260,269
263,272
264,272
269,277
270,277
272,279
273,279
272,278
272,277
271,278
269,276
268,276
267,275
267,274
268,273
269,273
271,275
269,273
269,272
270,271
273,274
274,273
273,273
272,272
273,271
272,272
270,270
270,269
270,271
268,273
267,272
266,272
265,273
263,271
262,271
261,270
263,268
264,269
265,269
266,270
264,268
262,268
262,269
261,270
260,269
260,267
262,265
263,266
262,265
261,266
259,264
242,260
242,265
241,266
241,271
242,272
242,273
243,274
243,276
244,277
244,279
245,280
245,282
246,283
246,284
249,287
250,287
246,283
246,282
245,281
245,279
244,278
244,276
243,275
243,273
241,271
241,266
242,265
331,259
331,260
330,261
329,261
325,265
324,265
325,265
326,264
327,265
327,264
330,261
331,261
332,260
333,261
333,262
331,264
331,265
330,266
329,266
328,267
328,268
326,270
327,270
328,269
328,268
330,266
331,266
331,264
332,263
333,263
333,261
244,258
244,264
245,265
245,268
246,269
246,270
245,271
245,273
245,271
246,270
246,269
247,268
247,267
247,268
246,269
245,268
245,265
244,264
241,255
241,257
240,258
240,259
239,260
239,261
238,262
238,263
236,265
236,266
230,272
218,272
218,273
215,276
215,280
214,281
214,283
210,287
209,287
207,289
206,289
205,290
204,290
203,291
202,291
200,293
199,293
192,300
192,301
190,303
188,303
187,304
186,304
185,305
184,305
182,307
180,307
175,312
174,312
173,313
172,313
171,314
170,314
169,315
168,315
163,320
162,320
159,323
159,324
158,325
156,325
155,326
154,326
150,330
148,330
147,331
145,331
144,332
144,333
143,334
143,335
136,342
134,342
133,343
131,343
129,345
128,345
127,346
126,346
119,353
118,353
102,369
102,370
99,373
99,374
95,378
95,379
93,381
93,382
91,384
91,385
89,387
89,388
87,390
87,391
85,393
85,394
83,396
83,397
84,396
84,395
87,392
88,393
88,394
89,394
90,395
91,395
92,396
94,396
95,397
96,397
95,397
94,396
93,396
92,395
91,395
90,394
89,394
87,392
87,391
89,389
89,388
91,386
91,385
93,383
93,382
95,380
95,379
98,376
99,377
100,377
101,378
102,378
106,382
106,383
106,381
104,379
103,379
101,377
103,375
104,376
105,376
108,379
108,382
108,379
107,378
107,377
106,377
105,376
104,376
103,375
101,377
99,377
98,376
99,375
99,374
102,371
102,370
108,364
111,367
111,368
112,369
112,370
113,370
114,371
114,372
116,374
116,375
117,376
117,377
118,378
118,379
117,380
117,381
119,383
119,384
121,384
122,385
122,386
121,387
120,387
119,386
118,387
116,387
120,387
123,390
123,395
124,396
123,395
123,389
121,387
122,386
122,385
121,384
121,382
120,381
120,379
121,378
122,379
122,376
123,375
124,375
124,373
123,372
124,373
124,374
122,376
122,377
121,378
120,377
120,376
119,375
119,374
118,373
120,371
120,370
120,371
118,373
119,374
119,376
120,377
120,381
121,382
121,383
120,384
117,381
117,380
118,379
118,378
117,377
117,375
115,373
115,372
112,369
112,368
111,367
111,366
110,365
109,365
108,364
119,353
120,353
127,346
128,346
129,345
130,345
132,343
133,343
134,342
137,342
142,337
142,336
143,335
144,335
145,336
146,336
147,335
168,335
169,336
175,336
175,334
173,332
171,332
170,331
168,331
167,332
165,330
162,330
161,329
156,329
155,330
154,330
155,330
156,329
161,329
162,330
165,330
166,331
166,332
167,333
167,332
168,331
169,331
170,332
170,333
171,332
172,332
175,335
174,336
169,336
168,335
147,335
146,336
145,336
144,335
144,333
146,331
147,331
148,330
150,330
151,329
152,329
156,325
163,325
164,324
165,324
166,325
174,325
166,325
165,324
164,324
163,323
163,324
162,325
160,325
159,324
164,319
165,319
169,315
170,315
171,316
173,316
171,316
170,315
171,314
172,314
174,312
176,312
181,307
183,307
185,305
186,305
187,304
188,304
189,303
191,303
192,302
194,302
195,301
196,301
197,300
198,300
201,297
201,296
202,295
202,294
201,293
203,291
204,291
205,290
206,290
207,289
208,289
210,287
211,287
213,285
213,284
214,283
214,282
215,281
215,280
216,279
218,279
219,278
220,278
223,275
224,276
227,276
228,277
227,278
227,280
228,280
232,284
231,285
230,285
228,283
227,284
228,284
229,285
229,290
230,291
229,292
229,293
230,294
229,293
229,292
230,291
235,296
235,297
236,298
235,299
233,299
234,299
237,302
237,303
236,304
234,302
234,303
235,304
235,305
234,306
233,305
237,309
238,309
244,315
245,315
247,317
248,317
250,319
251,319
254,322
256,322
257,323
257,324
256,325
255,325
254,326
253,326
254,326
255,325
256,325
257,324
258,325
260,325
262,327
264,327
266,329
267,329
268,330
269,330
270,331
272,331
274,333
275,333
276,332
280,332
282,334
281,335
280,335
279,334
277,334
278,334
279,335
281,335
282,334
283,334
284,335
287,335
288,336
289,336
290,337
291,337
292,338
291,339
292,339
293,338
295,338
296,339
295,340
294,340
295,340
296,339
300,339
301,340
305,340
306,341
307,341
308,342
312,342
313,343
314,343
313,343
312,342
309,342
308,341
306,341
305,340
301,340
300,339
297,339
296,338
293,338
292,337
290,337
289,336
288,336
287,335
288,334
289,334
288,334
287,335
285,335
284,334
283,334
282,333
283,332
284,332
283,332
282,333
281,333
280,332
278,332
277,331
277,329
275,329
274,328
273,328
272,327
273,326
274,326
273,326
272,325
273,324
273,323
274,322
271,325
272,325
273,326
272,327
270,327
268,325
267,325
268,325
270,327
272,327
273,328
274,328
275,329
276,329
277,330
277,331
275,333
274,333
273,332
274,331
273,332
272,331
270,331
269,330
270,329
271,329
270,329
269,330
268,330
267,329
268,328
267,327
268,328
267,329
266,329
264,327
262,327
260,325
259,325
256,322
255,322
253,320
252,320
250,318
249,318
247,316
246,316
243,313
244,312
245,312
247,314
248,314
250,316
251,316
253,318
255,316
256,316
257,317
258,316
261,316
261,315
260,314
262,312
263,312
265,314
264,315
263,315
264,315
265,314
266,314
268,316
266,318
265,318
264,319
265,320
265,321
267,323
267,322
268,321
269,321
268,321
267,322
265,320
265,319
268,316
269,316
271,318
272,318
273,319
274,319
275,320
276,320
278,322
278,323
282,327
285,327
286,328
287,328
288,329
289,328
288,329
286,327
283,327
281,325
280,325
278,323
278,322
279,321
278,321
277,320
275,320
273,318
272,318
270,316
268,316
266,314
265,314
262,311
261,311
259,309
258,309
257,308
256,308
249,301
248,301
241,294
243,292
243,290
243,292
241,294
240,293
240,292
234,286
234,285
232,283
233,282
232,281
231,282
229,280
228,280
227,279
227,278
229,276
230,276
231,275
231,274
228,277
227,276
227,275
228,274
228,273
229,272
231,272
236,267
236,266
238,264
238,263
239,262
239,261
240,260
240,259
241,258
318,252
317,253
316,253
315,254
312,254
311,255
308,255
307,254
307,255
312,255
313,254
316,254
328,250
326,252
324,252
324,253
323,254
322,254
320,256
319,255
318,255
319,255
320,256
319,257
318,257
315,260
312,260
311,259
311,257
311,260
315,260
316,261
318,261
319,260
320,260
321,259
322,259
321,259
320,260
319,260
318,261
316,261
315,260
316,259
317,259
322,254
323,254
325,252
326,252
327,251
328,251
284,249
284,252
283,253
281,251
279,251
279,252
278,253
280,255
280,256
282,258
282,259
283,260
283,261
284,261
285,262
284,263
285,263
285,262
284,261
286,259
294,267
295,267
296,268
299,268
300,269
303,269
304,270
303,271
302,271
299,274
298,273
298,272
296,272
295,271
296,270
295,271
291,271
290,270
290,271
295,271
296,272
297,272
299,274
300,273
301,273
302,274
302,275
304,275
304,273
305,272
308,272
309,271
311,271
309,271
308,272
305,272
304,271
304,270
305,269
314,269
315,270
315,271
314,272
313,271
314,272
313,273
312,273
312,274
311,275
309,275
308,274
307,274
308,275
308,276
309,275
311,275
312,276
311,277
311,278
310,279
309,278
310,279
310,280
309,281
308,281
308,282
309,283
309,286
310,287
311,286
312,287
313,287
313,286
317,282
318,283
320,281
320,280
319,279
319,277
318,277
319,278
319,280
320,281
318,283
317,282
312,287
311,286
310,287
309,286
309,281
310,280
310,279
311,278
311,277
312,276
313,277
313,278
313,277
311,275
314,272
316,272
318,274
317,275
316,275
316,276
315,277
315,278
315,277
319,273
318,274
315,271
315,270
314,269
316,267
319,267
320,266
322,266
324,268
324,269
321,272
321,273
324,270
324,268
322,266
320,266
319,267
316,267
315,268
314,268
313,269
300,269
299,268
297,268
296,267
295,267
292,264
291,264
289,262
289,261
287,259
286,259
284,261
282,259
282,258
280,256
280,254
279,253
279,252
280,251
283,254
283,255
283,254
284,253
326,248
324,250
323,250
322,251
322,252
322,251
323,250
324,250
362,245
361,246
354,245
353,246
354,247
354,251
352,253
350,251
352,253
352,256
350,258
350,263
348,265
348,268
347,269
347,272
346,273
347,272
347,270
348,269
348,266
349,265
349,264
350,263
350,259
351,258
352,259
352,261
353,261
352,260
352,259
351,258
351,257
352,256
353,257
354,257
353,257
352,256
352,254
353,253
353,252
354,251
354,247
353,246
354,245
355,245
248,245
248,247
247,248
247,249
249,251
249,252
252,255
251,256
252,255
253,255
254,256
254,257
253,258
253,259
253,258
254,257
255,257
254,256
254,254
253,255
249,251
249,250
247,248
248,247
254,238
254,239
256,241
257,241
258,242
259,242
260,243
262,243
264,245
264,246
263,247
261,245
259,245
258,244
256,244
257,244
258,245
260,245
263,248
263,249
262,250
262,251
263,252
262,251
263,250
263,247
265,245
266,246
266,247
266,246
267,245
269,247
267,249
267,252
268,251
270,251
271,252
270,253
269,253
268,254
266,254
268,254
269,255
268,256
266,256
267,256
268,257
269,257
270,258
274,258
275,259
275,260
276,260
277,261
272,256
272,255
273,254
272,255
269,255
268,254
269,253
270,253
271,252
271,250
272,249
271,248
271,250
270,251
268,251
267,250
269,248
269,246
268,245
265,245
264,244
263,244
262,243
263,242
263,241
263,242
262,243
260,243
259,242
258,242
257,241
256,241
254,239
335,237
334,238
334,239
333,240
333,241
329,245
329,246
328,247
330,245
330,244
333,241
333,240
336,237
240,237
240,240
241,239
240,238
241,237
343,232
340,235
339,235
338,236
338,237
342,233
343,234
343,235
344,236
344,237
345,237
343,235
343,234
342,233
240,231
240,232
241,233
241,235
241,234
242,233
243,234
243,237
244,238
243,239
245,239
246,240
246,241
245,242
244,241
243,241
244,241
245,242
245,243
246,244
246,245
245,246
244,245
242,245
243,245
244,246
244,247
245,246
246,246
246,244
245,243
245,242
246,241
246,240
244,238
245,237
246,237
245,236
245,235
245,237
244,238
243,237
243,231
345,229
347,229
348,230
347,231
345,231
346,232
345,233
345,234
346,233
346,232
347,231
348,231
349,232
348,233
349,234
348,235
349,236
347,238
347,239
346,240
347,241
347,243
349,245
350,245
349,245
347,243
347,241
348,240
349,240
348,240
347,239
347,238
349,236
350,237
351,237
352,236
353,237
353,239
352,240
351,239
351,240
352,240
353,241
353,242
354,243
354,242
352,240
354,238
355,239
352,236
352,235
351,234
352,233
353,233
353,232
354,231
353,231
353,232
352,233
351,233
351,234
352,235
352,236
351,237
350,237
349,236
349,231
347,229
255,229
255,230
254,231
254,232
253,233
253,236
253,233
254,232
254,231
256,229
257,230
256,229
243,227
242,228
242,229
242,228
367,224
367,227
366,228
366,230
366,228
367,227
368,227
367,226
250,223
250,234
251,235
251,237
252,238
252,241
254,243
254,245
255,246
255,247
254,248
252,246
252,244
250,242
250,240
249,239
249,237
248,236
248,233
247,232
248,231
248,224
248,231
247,232
248,233
248,236
249,237
249,239
250,240
250,243
252,245
252,246
253,247
253,248
252,249
252,251
253,251
254,252
253,251
254,250
254,248
255,247
260,252
260,253
262,255
262,256
264,258
262,260
260,258
259,258
257,256
257,255
258,254
257,255
256,254
256,252
256,255
257,256
257,257
258,257
263,262
265,262
264,262
263,261
263,259
264,258
265,258
267,260
267,262
268,262
270,264
270,265
271,265
274,268
274,269
275,270
275,271
276,272
278,272
279,271
280,272
280,273
277,276
276,276
275,275
276,274
274,276
277,276
278,277
280,277
281,278
282,277
282,276
281,277
279,277
278,276
278,275
280,273
280,272
281,271
282,272
284,272
285,273
284,274
285,274
286,275
286,277
287,277
289,279
289,278
288,277
287,277
286,276
286,274
284,272
284,271
283,272
282,272
281,271
281,269
280,268
281,267
280,266
280,265
279,264
274,264
272,262
272,260
272,262
274,264
278,264
280,266
280,268
281,269
278,272
277,272
275,270
275,269
273,267
273,266
272,266
270,264
270,263
269,262
268,262
267,261
267,260
266,259
266,258
265,258
263,256
264,255
263,254
262,255
261,254
261,253
260,252
260,251
258,249
259,248
259,247
259,248
258,249
254,245
254,243
253,242
253,241
252,240
252,238
251,237
251,235
250,234
280,211
279,212
278,212
270,220
269,220
267,222
267,223
266,224
265,224
264,225
263,225
263,226
260,229
260,238
263,238
264,239
270,239
271,240
274,240
279,245
279,244
276,241
275,241
274,240
271,240
270,239
264,239
263,238
261,238
260,237
260,230
263,227
264,228
265,228
266,229
265,230
264,230
263,231
265,233
264,234
262,234
265,234
266,235
266,236
267,237
268,237
268,235
269,234
270,234
271,235
271,236
270,237
271,237
271,235
270,234
269,234
268,233
269,232
270,232
270,231
269,230
270,229
272,229
272,226
273,225
274,225
275,226
275,227
275,226
276,225
277,226
277,228
275,230
275,231
276,230
276,229
277,228
278,229
280,229
279,228
279,227
280,226
281,227
282,227
283,226
284,226
285,227
285,229
284,230
283,229
283,230
284,230
285,229
285,227
284,226
284,223
285,222
289,222
290,223
294,223
295,224
297,224
298,225
299,225
301,227
302,227
303,228
301,230
298,227
296,227
295,226
295,227
297,227
298,228
299,228
301,230
299,232
298,232
297,231
296,231
295,230
291,230
290,229
290,227
291,226
290,225
290,226
289,227
288,227
289,227
290,228
290,229
289,230
289,231
288,232
287,231
287,230
287,231
286,232
285,232
285,234
284,235
283,235
282,234
283,233
280,233
280,234
279,235
279,236
278,237
277,237
278,238
277,239
279,239
280,240
280,242
282,244
282,245
283,246
284,246
286,248
287,248
289,250
290,250
291,251
292,251
293,252
295,252
296,253
298,253
299,254
300,254
299,254
298,253
296,253
295,252
294,252
293,251
291,251
288,248
286,248
285,247
286,246
289,246
292,249
295,249
296,250
297,250
298,251
300,251
302,253
303,253
304,254
304,253
305,252
309,252
310,251
311,252
313,252
314,251
315,251
316,250
320,250
324,246
326,246
327,245
327,244
330,241
330,240
332,238
332,237
335,234
337,234
338,233
339,233
341,231
341,230
339,228
339,227
339,228
341,230
341,231
340,232
339,232
338,231
338,230
333,230
331,228
329,228
329,230
328,231
327,230
327,229
326,229
325,228
322,228
322,229
323,230
325,230
326,229
327,230
327,231
325,233
320,233
319,232
319,230
320,229
319,230
318,230
317,229
317,228
320,225
321,226
322,226
322,225
321,226
320,225
320,224
322,222
323,223
324,223
326,225
325,226
324,226
325,226
326,225
326,224
325,224
324,223
323,223
322,222
324,220
326,220
327,221
327,220
326,219
325,220
323,220
320,223
320,224
318,226
318,227
314,231
307,231
303,227
304,226
304,224
303,223
303,222
302,221
302,220
301,219
301,220
302,221
302,222
303,223
303,224
304,225
304,226
303,227
302,227
301,226
300,226
299,225
298,225
297,224
295,224
294,223
291,223
290,222
287,222
285,220
285,222
284,223
284,225
283,226
282,226
281,227
280,226
280,225
281,224
280,223
281,224
280,225
280,226
279,227
279,228
278,229
277,228
277,226
278,225
277,224
277,223
277,224
276,225
274,225
273,224
272,225
272,228
271,229
269,229
268,228
268,227
269,226
270,226
269,226
268,227
267,227
266,228
264,228
263,227
263,226
264,225
265,225
266,224
267,224
267,223
270,220
271,220
279,212
280,212
284,210
282,212
282,213
280,215
280,216
278,218
277,218
275,220
276,220
277,219
278,220
279,220
278,220
277,219
278,218
279,218
279,217
282,214
282,213
285,210
370,209
369,210
368,210
366,212
366,213
365,214
365,215
364,216
364,218
364,216
365,215
365,214
366,213
366,212
368,210
369,210
370,211
369,212
370,213
370,216
368,218
367,217
367,216
368,215
367,216
367,219
366,220
366,222
365,223
365,225
362,228
361,228
361,229
360,230
359,230
358,229
359,230
358,231
357,231
358,231
359,232
356,235
355,234
356,235
357,235
358,236
359,236
360,235
359,236
358,235
358,234
359,233
359,231
360,230
361,230
362,231
362,232
363,233
363,235
360,238
361,237
362,238
362,239
361,240
361,241
360,242
358,242
357,241
358,242
358,243
357,244
356,243
357,244
357,247
358,248
357,249
358,250
358,251
357,252
356,251
357,252
358,252
358,247
357,246
357,245
358,244
359,245
358,244
358,243
359,242
361,242
361,241
362,240
363,240
364,241
364,242
363,243
364,242
364,240
367,237
367,236
366,235
366,234
368,232
368,231
369,230
368,229
368,232
367,233
366,233
366,235
365,236
363,234
363,232
361,230
361,229
362,228
363,228
365,226
365,223
366,222
366,220
368,218
371,218
370,217
370,213
371,212
370,211
370,205
370,207
289,204
285,208
284,208
286,208
287,207
288,207
288,206
289,205
290,205
326,201
324,203
326,201
328,201
329,202
330,202
332,204
333,204
335,206
336,206
337,207
337,209
336,210
333,207
332,207
331,206
335,210
336,210
340,214
341,214
342,215
343,215
345,217
347,217
348,218
346,220
345,220
344,219
341,219
341,222
341,220
342,219
343,220
343,221
344,222
344,225
343,226
342,226
339,223
338,223
337,222
337,221
338,220
339,221
339,220
336,220
337,221
337,222
333,226
332,226
334,226
335,227
336,227
337,228
337,226
336,227
335,227
334,226
335,225
335,224
336,223
338,223
341,226
344,226
344,225
345,224
346,225
346,227
348,227
349,228
349,227
347,227
346,226
346,225
345,224
346,223
346,222
347,221
347,219
348,218
352,222
352,223
353,224
352,225
351,225
350,224
350,223
348,225
349,224
350,224
351,225
353,225
354,224
355,225
355,228
354,229
352,229
351,228
351,227
351,229
355,229
355,223
356,222
358,222
359,223
358,224
359,223
359,222
357,222
355,220
354,220
349,215
348,215
347,214
346,214
344,212
343,212
339,208
338,208
337,207
337,206
336,206
335,205
334,205
331,202
329,202
328,201
370,198
370,200
369,201
367,199
368,200
368,201
369,201
370,202
229,198
229,200
230,201
229,202
229,205
230,206
229,207
230,206
230,205
229,204
229,202
230,201
229,200
231,196
287,193
287,200
288,201
290,201
288,201
287,200
231,188
231,189
233,191
232,190
232,189
302,187
302,201
304,203
303,204
302,204
301,205
302,206
301,207
301,210
298,213
297,212
297,211
296,210
296,209
295,209
297,211
297,212
298,213
297,214
298,215
298,216
297,217
296,217
295,216
294,216
293,215
292,215
293,215
295,217
297,217
298,218
299,217
298,216
298,215
297,214
301,210
301,207
302,206
301,205
302,204
303,204
305,206
305,207
304,208
304,220
304,208
305,207
305,206
303,204
304,203
302,201
231,184
231,186
233,183
235,185
235,187
237,189
237,199
237,189
236,188
236,187
235,186
235,184
234,183
276,182
276,184
275,185
268,185
267,184
268,185
268,187
266,189
265,189
267,189
268,188
268,186
269,185
278,185
277,185
276,184
277,183
278,183
277,183
264,182
265,183
264,184
262,184
260,186
260,187
259,188
258,188
257,189
258,189
260,187
260,186
261,185
262,185
263,184
264,184
265,185
265,183
227,181
227,182
298,180
299,181
299,183
300,184
301,184
300,184
299,183
299,181
270,180
271,180
261,180
261,181
260,182
260,183
260,182
261,181
262,182
262,181
323,178
322,179
322,183
323,184
324,184
325,185
327,185
327,183
328,182
329,182
330,183
337,183
338,182
337,182
336,183
330,183
328,181
327,182
326,181
324,181
326,181
327,182
327,184
326,185
325,185
322,182
322,179
286,178
225,178
225,181
225,180
226,179
227,179
226,179
299,176
299,177
300,178
300,179
300,178
299,177
232,176
222,176
222,177
282,175
284,177
258,175
255,178
254,178
255,178
256,177
257,177
258,176
212,175
212,176
216,174
216,176
217,177
216,178
217,179
218,178
216,176
218,174
217,175
348,173
346,175
345,175
344,174
343,174
344,175
347,175
348,174
349,175
349,176
347,178
346,177
346,178
347,179
347,178
349,176
350,177
351,177
352,176
352,175
353,174
353,173
353,174
350,177
349,176
349,175
348,174
323,172
322,173
322,176
323,176
324,175
327,175
324,175
323,176
322,175
322,174
323,173
288,172
288,173
287,174
288,175
288,178
290,180
290,181
289,182
289,186
287,188
287,189
285,191
285,192
284,193
284,194
283,195
283,196
284,195
284,193
285,192
285,191
286,190
287,190
287,188
289,186
290,187
290,188
291,188
292,189
292,194
291,195
291,196
290,197
292,195
292,189
289,186
289,183
290,182
290,179
288,177
288,175
287,174
289,172
290,173
290,174
291,175
291,176
292,177
292,179
292,177
291,176
291,174
290,173
290,172
223,172
222,173
221,173
220,174
220,179
221,180
221,182
223,184
223,185
224,186
224,187
225,188
225,190
224,191
225,191
225,188
224,187
224,185
225,184
225,183
225,184
224,185
223,184
223,179
223,181
222,182
221,181
221,180
220,179
220,175
223,172
224,173
224,176
224,175
225,174
278,171
280,171
281,172
282,172
281,171
268,171
267,172
262,172
261,173
260,172
259,172
258,173
257,173
256,174
255,174
254,175
253,175
250,178
248,178
247,179
246,178
247,179
246,180
247,180
247,179
248,178
249,178
251,180
251,181
254,181
255,180
257,180
258,179
259,179
259,178
262,175
265,175
266,176
266,177
264,179
263,178
263,177
263,178
264,179
265,178
267,180
268,180
267,180
265,178
266,177
266,176
267,175
269,177
269,178
271,178
272,177
274,177
274,175
275,174
276,175
276,178
272,182
267,182
268,182
269,183
270,182
272,182
276,178
276,176
277,175
278,176
279,176
280,177
280,178
279,179
278,179
277,180
278,180
279,181
278,180
279,179
280,179
281,180
283,180
284,179
285,180
287,180
285,180
284,179
283,180
281,180
280,179
280,178
281,177
280,176
279,176
278,175
276,175
275,174
272,174
271,175
271,176
272,177
271,178
270,178
269,177
269,176
268,175
262,175
261,176
260,176
260,177
258,179
257,179
256,180
255,180
254,181
252,181
250,179
255,174
256,174
257,173
258,173
259,172
260,172
261,173
260,174
261,173
262,173
263,172
267,172
268,171
273,171
274,172
276,172
274,172
273,171
345,170
343,172
344,171
345,171
346,172
345,171
328,170
325,173
329,173
329,171
328,168
342,167
342,170
341,171
341,172
339,174
335,174
334,175
333,174
331,174
333,174
334,175
334,176
332,178
329,178
328,177
328,178
332,178
333,179
334,178
333,177
334,176
334,175
335,174
338,174
340,176
340,177
339,178
338,177
336,179
337,178
339,178
340,177
343,177
341,175
340,176
339,175
339,174
341,172
341,171
342,170
342,168
343,167
344,167
345,168
346,168
347,169
348,169
349,170
358,170
359,169
360,169
358,169
357,170
350,170
349,169
348,169
347,168
346,168
345,167
336,167
336,169
335,170
334,170
332,168
330,168
330,169
331,168
332,168
333,169
333,170
335,170
336,169
339,169
339,168
340,167
211,167
211,168
210,169
211,170
211,173
211,170
210,169
212,167
249,165
250,166
248,168
247,168
246,167
246,168
249,168
250,167
250,166
251,165
252,165
244,164
240,168
239,167
238,168
237,168
236,167
235,167
236,167
237,168
236,169
237,168
238,169
238,172
239,173
239,174
238,175
238,180
237,181
236,181
235,180
236,181
237,181
238,182
238,186
239,187
239,190
239,187
238,186
238,183
239,182
238,181
238,176
239,175
239,172
238,171
238,168
239,167
240,168
241,168
242,167
243,168
243,169
242,170
243,171
247,171
248,172
251,169
253,169
255,167
256,167
257,168
258,167
263,167
264,168
267,168
268,167
272,167
273,168
280,168
281,169
283,169
284,170
285,170
286,171
286,172
286,170
287,169
286,170
285,170
284,169
281,169
280,168
273,168
272,167
268,167
267,168
264,168
263,167
258,167
257,168
256,167
255,167
254,168
253,168
252,169
251,169
250,170
249,170
248,171
243,171
242,170
244,168
243,168
242,167
244,165
347,162
346,163
347,162
348,163
352,163
353,164
353,165
355,167
354,168
352,168
351,167
350,167
349,166
347,166
346,165
344,165
343,164
335,164
334,165
332,165
331,166
330,165
329,165
328,166
327,166
326,167
325,167
324,168
323,168
323,169
321,171
320,171
319,172
319,173
318,174
319,173
320,174
319,173
322,170
323,170
323,169
324,168
325,169
326,169
325,169
324,168
325,167
326,167
327,166
328,166
329,165
330,165
331,166
332,166
333,165
334,165
335,164
343,164
344,165
346,165
347,166
348,166
349,167
350,167
351,168
356,168
355,167
355,166
352,163
348,163
254,162
255,163
256,163
257,164
257,165
259,165
258,165
256,163
255,163
359,159
241,158
241,160
240,161
240,165
240,162
241,161
327,157
369,154
369,155
256,153
252,157
250,157
250,158
249,159
249,160
246,163
246,164
246,163
247,162
248,162
250,160
255,160
256,161
258,159
259,159
261,161
262,160
264,160
266,162
267,161
269,161
270,162
273,162
274,161
275,162
279,162
282,165
284,165
285,166
286,166
287,167
289,167
291,169
293,169
294,170
294,172
296,174
296,175
297,176
297,178
297,175
296,174
296,173
297,172
296,173
294,171
294,169
292,169
290,167
288,167
287,166
286,166
285,165
283,165
282,164
282,163
280,163
279,162
275,162
273,160
273,159
265,159
264,160
263,160
261,158
260,158
259,159
258,159
256,161
253,158
253,156
254,155
255,155
255,154
242,152
242,153
243,154
243,156
244,157
244,159
243,160
244,161
244,162
244,156
245,155
246,156
246,158
246,157
248,155
249,155
248,155
247,156
246,155
245,155
244,156
243,155
243,154
242,153
243,152
352,148
353,149
352,150
347,150
352,150
353,151
350,154
349,154
348,153
347,153
346,152
344,154
342,154
341,155
340,154
339,154
338,153
336,153
337,153
338,154
340,154
341,155
340,156
331,156
330,157
329,157
329,158
328,159
327,159
326,160
325,160
324,161
323,161
322,162
320,162
319,163
317,163
317,164
318,165
318,167
321,167
323,165
324,165
325,164
327,164
328,163
332,163
333,162
339,162
340,161
342,161
343,160
346,160
347,159
354,159
355,158
357,158
359,156
361,156
362,155
363,156
362,155
362,154
361,153
361,152
360,151
359,151
358,152
355,152
354,151
354,149
353,149
202,147
202,148
201,149
202,150
202,151
206,155
206,157
205,158
205,159
205,158
206,157
206,156
207,155
208,155
209,156
210,156
211,157
210,158
211,159
210,160
210,162
211,161
213,161
214,160
215,161
216,161
218,163
217,164
217,165
216,166
215,165
215,163
213,165
212,165
211,164
212,165
213,165
214,164
216,166
217,165
217,164
218,163
220,165
221,164
222,165
222,168
223,169
221,171
220,171
219,172
217,172
216,171
215,171
216,172
219,172
220,171
221,171
222,170
223,170
223,168
222,167
222,165
221,164
220,164
219,163
218,163
217,162
217,161
216,161
215,160
214,160
213,161
212,161
211,160
211,159
212,158
213,158
212,158
211,157
213,155
214,155
215,156
214,155
213,155
212,156
209,156
208,155
207,155
206,154
205,154
202,151
224,141
224,144
225,145
225,146
226,147
226,150
228,152
228,155
229,156
229,158
230,159
230,173
229,174
229,180
230,181
230,182
228,184
228,187
229,188
229,191
230,192
230,194
231,193
232,193
233,194
233,198
234,199
234,204
235,205
235,208
236,209
236,212
235,213
234,213
233,212
233,209
232,210
231,209
230,209
231,209
233,211
233,212
232,213
232,214
234,216
233,217
233,219
234,220
234,221
235,222
237,222
237,221
235,219
235,218
236,217
237,217
238,218
239,218
240,219
240,229
240,227
242,225
242,221
243,220
244,221
246,221
247,222
248,221
249,221
248,221
247,222
246,221
246,219
247,218
247,217
247,218
246,219
246,220
245,221
244,221
243,220
243,219
244,218
244,216
246,214
246,211
245,210
245,211
246,212
246,214
244,216
244,217
243,218
243,219
242,220
242,225
241,226
240,225
240,218
241,217
241,214
242,213
243,214
242,213
243,212
243,209
244,208
246,208
247,209
247,208
244,208
243,209
243,211
241,213
241,217
240,218
239,218
238,217
237,217
236,216
237,215
237,214
237,215
236,216
236,217
235,218
234,217
234,215
233,215
232,214
233,213
235,213
236,212
237,212
238,211
239,211
239,204
237,202
237,201
237,203
238,203
239,204
239,210
237,212
236,211
236,209
235,208
235,205
234,204
234,198
233,197
233,193
231,193
230,192
230,191
229,190
229,188
228,187
228,185
229,184
229,183
230,182
230,181
229,180
229,174
230,173
230,165
231,164
230,163
230,158
229,157
229,156
228,155
228,152
226,150
226,147
225,146
225,145
224,144
382,136
382,138
201,135
202,136
201,137
201,139
200,140
200,141
199,142
198,142
197,141
197,142
196,143
195,142
195,141
195,143
196,144
197,144
199,146
198,147
199,148
199,153
200,154
200,156
202,158
202,160
204,162
204,166
205,167
205,169
207,171
207,172
209,174
209,175
210,176
210,178
211,179
211,180
212,181
212,182
213,183
213,185
214,186
214,187
216,189
215,190
214,190
214,193
213,194
214,195
217,195
219,197
219,204
220,205
220,207
224,211
224,212
225,212
226,213
226,216
227,217
227,219
229,221
229,222
230,222
233,225
233,227
234,228
234,232
235,233
235,235
236,236
236,239
237,240
237,241
238,242
238,244
240,246
240,247
241,248
241,249
242,250
242,252
244,254
244,255
248,259
247,260
247,261
250,264
250,266
251,267
251,268
252,268
253,269
251,267
251,266
250,265
250,264
248,262
250,260
251,261
253,261
254,262
254,264
257,267
257,266
254,263
254,262
255,261
254,262
253,261
251,261
250,260
250,259
251,258
250,259
249,259
247,257
248,256
248,254
248,256
247,257
242,252
242,250
241,249
241,247
240,246
240,245
238,243
238,242
237,241
237,239
236,238
236,236
235,235
235,233
234,232
234,228
233,227
233,224
232,223
231,223
230,222
231,221
231,219
230,218
230,217
229,216
229,211
227,211
226,210
224,210
220,206
220,205
219,204
219,198
220,197
221,198
222,197
223,197
222,196
222,192
220,190
220,186
219,186
218,187
217,186
217,185
216,184
216,183
215,182
215,180
214,179
214,174
213,173
213,169
213,173
214,174
214,179
215,180
215,182
216,183
216,185
218,187
218,190
217,191
217,192
217,191
218,190
218,187
219,186
220,187
220,190
221,191
221,192
220,193
219,192
220,193
220,194
219,195
218,194
217,195
216,194
215,195
214,194
214,191
216,189
214,187
214,186
213,185
213,183
212,182
212,181
211,180
211,178
210,177
210,175
209,174
209,173
207,171
207,170
205,168
205,167
204,166
204,162
203,161
203,160
202,159
202,158
201,157
201,156
200,155
200,153
199,152
199,148
198,147
199,146
199,145
198,144
197,144
196,143
197,142
200,142
200,140
201,139
201,137
202,136
386,129
385,130
385,132
386,132
387,131
388,131
387,131
386,132
385,131
385,130
386,129
387,129
209,129
208,130
208,132
207,133
208,132
209,133
209,134
208,135
206,135
206,136
205,137
204,137
205,137
207,135
208,136
208,137
203,142
202,142
204,142
205,141
205,140
208,137
209,138
209,139
208,140
208,142
207,143
206,143
204,145
204,146
205,147
205,150
206,151
206,152
207,151
205,149
205,147
204,146
204,145
205,144
207,146
208,146
209,145
208,144
208,140
209,139
209,138
208,137
208,135
209,134
209,133
211,131
209,133
208,132
208,131
210,129
213,129
359,125
360,126
359,127
359,128
360,129
360,128
359,127
360,126
215,125
215,128
215,126
216,125
217,126
217,133
216,134
215,134
216,135
216,136
215,137
214,137
213,136
213,132
213,137
212,138
212,143
211,144
210,143
210,142
210,143
211,144
211,147
209,149
211,147
212,148
214,148
215,149
215,153
217,155
217,156
219,156
220,155
222,157
222,158
222,157
219,154
219,153
220,152
221,152
221,148
221,149
220,150
219,150
220,150
221,151
219,153
218,152
217,152
216,153
215,152
215,148
212,148
211,147
211,144
212,143
212,139
214,137
215,138
215,140
215,137
216,136
217,136
218,135
219,136
219,138
218,139
218,141
217,142
217,150
217,142
218,141
218,139
219,138
219,137
220,136
219,135
218,135
217,136
216,135
216,134
217,133
217,126
216,125
200,125
200,126
201,127
201,129
202,130
201,131
200,131
198,129
199,128
198,129
200,131
200,133
200,132
201,131
202,132
202,133
202,129
201,128
201,127
200,126
198,118
198,119
199,119
200,120
201,120
202,121
200,123
202,121
202,120
200,120
194,116
194,117
195,118
195,119
196,120
196,122
197,123
197,126
196,127
196,135
198,137
199,137
196,134
196,127
197,126
197,123
196,122
196,119
194,117
239,115
237,117
234,117
233,118
229,118
225,122
225,123
224,124
224,127
224,125
225,124
225,123
226,122
227,123
226,122
230,118
233,118
234,119
232,121
230,121
232,121
233,122
233,123
232,124
232,125
232,124
233,123
233,121
234,120
234,118
235,117
238,117
240,115
210,115
210,119
214,119
211,119
210,118
196,115
196,116
369,112
369,113
370,113
371,114
371,113
370,113
367,112
367,115
366,116
365,115
367,117
367,118
366,119
367,118
359,111
360,111
242,110
241,111
240,111
240,112
239,113
240,113
240,112
241,111
242,111
220,108
219,109
219,110
218,111
218,116
218,111
220,109
381,105
381,108
259,103
258,104
254,104
255,105
256,104
259,104
260,103
268,103
274,100
273,101
265,101
273,101
274,100
275,101
276,101
275,101
374,99
374,102
375,102
377,104
376,105
374,105
376,105
377,106
376,107
376,108
377,109
377,111
376,112
376,114
376,112
377,111
379,113
379,114
378,115
378,117
380,117
379,117
378,116
379,115
379,113
377,111
377,109
376,108
376,107
377,106
379,106
378,106
377,105
377,103
376,102
377,101
378,101
379,100
378,99
376,99
378,99
379,100
378,101
376,101
375,102
374,101
362,99
361,100
365,100
366,101
369,101
370,102
372,102
371,102
370,101
366,101
365,100
363,100
216,99
216,100
215,101
215,102
214,103
214,106
213,107
214,106
214,104
215,103
215,101
216,100
376,97
377,97
194,97
194,99
192,97
192,103
343,96
344,97
344,96
322,94
324,94
325,95
324,94
251,94
250,95
249,95
248,96
246,96
245,97
244,97
242,99
243,99
244,98
246,100
245,101
244,101
242,103
239,103
241,103
242,104
241,105
240,105
239,106
235,106
240,106
242,108
246,108
247,107
248,107
249,106
250,106
251,107
255,107
256,108
255,109
256,108
256,107
251,107
250,106
251,105
250,105
249,106
248,106
247,107
246,107
244,105
243,105
242,104
245,101
246,101
246,99
245,99
244,98
245,97
246,97
247,96
248,96
249,95
250,95
251,94
252,94
254,96
256,96
257,95
258,95
257,95
256,96
254,96
252,94
343,93
343,94
344,94
203,92
336,91
336,92
337,93
336,94
337,93
339,93
340,94
340,95
340,93
337,93
336,92
378,90
376,92
376,94
378,94
379,93
379,91
201,90
201,92
321,88
376,87
377,88
377,87
317,87
317,88
318,89
318,90
318,89
317,88
308,87
308,90
309,91
309,92
309,90
308,89
300,85
300,86
301,87
301,90
302,89
303,90
304,90
305,91
306,91
306,90
305,91
304,90
303,90
301,88
301,87
300,86
291,83
291,85
292,86
292,87
293,88
293,90
294,90
293,89
293,88
292,87
292,86
291,85
251,83
253,85
256,85
257,86
261,86
262,87
263,87
264,88
265,88
267,90
268,90
269,91
268,90
270,88
271,88
269,88
269,89
268,90
267,89
266,89
265,88
264,88
263,87
262,87
261,86
257,86
256,85
253,85
208,83
207,84
207,86
208,87
208,88
206,90
206,93
205,94
205,98
204,99
203,99
204,100
204,101
203,102
201,100
201,99
200,98
201,97
200,98
201,99
200,100
199,100
198,101
198,102
200,102
202,104
202,105
203,106
202,107
201,107
202,107
203,106
204,107
204,108
203,109
200,109
199,108
199,106
200,105
199,104
198,104
199,105
197,107
198,108
198,109
199,110
199,111
197,113
198,113
200,115
199,116
203,116
205,118
205,119
205,118
203,116
204,115
203,116
201,116
200,115
201,114
202,114
201,114
200,115
198,113
199,112
199,111
201,109
203,109
204,108
205,109
205,110
206,111
206,115
207,116
207,118
208,118
207,117
207,115
208,114
208,113
208,114
207,115
206,114
206,110
205,109
205,108
203,106
203,105
200,102
199,102
198,101
199,100
201,100
203,102
204,102
204,99
205,98
205,95
206,94
206,91
207,90
207,89
209,87
210,87
211,88
209,90
210,91
211,91
212,92
212,94
210,96
210,103
209,104
210,104
211,105
210,106
208,106
207,105
207,102
206,101
206,100
207,99
207,96
209,94
209,93
208,92
209,93
208,94
208,95
207,96
207,99
206,100
206,101
207,102
207,106
209,106
210,107
210,109
211,110
211,111
212,112
212,116
213,117
214,117
213,117
212,116
212,112
214,110
214,109
213,110
213,111
212,112
211,111
211,109
210,108
210,106
211,105
210,104
210,96
211,95
212,96
212,99
213,100
214,99
214,98
215,97
215,96
216,95
218,97
218,98
219,98
220,99
220,100
218,102
217,102
218,103
218,107
219,106
220,106
221,105
220,106
219,106
218,105
218,103
220,101
220,99
218,97
218,96
219,95
218,96
217,96
216,95
218,93
218,92
219,91
220,92
219,91
216,94
216,95
215,96
215,97
214,98
214,99
213,100
212,99
212,96
211,95
212,94
212,93
213,92
213,90
214,89
213,90
213,91
212,92
211,91
210,91
209,90
210,89
211,89
212,88
212,87
214,85
216,85
214,85
213,86
211,86
197,82
310,79
310,85
311,86
310,87
311,86
312,87
311,86
311,85
310,84
308,79
308,84
307,85
308,84
296,78
296,83
297,84
297,86
296,87
293,84
294,85
294,86
297,89
296,88
296,87
297,86
298,86
297,85
297,84
296,83
204,76
372,73
372,75
373,76
373,82
373,81
374,80
376,80
377,81
376,80
376,79
375,80
374,80
373,79
373,76
375,74
375,73
374,74
374,75
373,76
372,75
337,73
338,74
337,75
336,75
335,74
336,75
341,75
342,76
343,76
342,76
341,75
342,74
346,74
342,74
341,75
339,75
333,70
334,70
335,71
334,70
332,68
331,69
330,69
329,70
328,70
327,71
328,72
328,73
327,74
327,75
328,76
328,77
329,78
334,78
335,77
337,79
336,80
336,81
335,82
334,81
331,81
330,80
329,80
330,80
331,81
334,81
335,82
334,83
332,83
332,85
331,86
329,84
329,82
327,84
328,83
329,84
329,90
328,91
321,91
320,92
315,92
313,90
313,91
314,91
315,92
321,92
322,91
327,91
328,92
328,93
327,94
326,93
327,94
328,94
328,92
329,91
330,92
332,92
334,94
334,96
335,96
336,97
337,97
338,98
339,98
340,99
340,100
341,101
341,100
340,99
341,98
341,97
340,98
339,98
338,97
337,97
336,96
335,96
334,95
334,93
333,93
332,92
333,91
334,91
334,89
335,88
336,89
337,89
338,90
339,90
340,91
340,90
339,90
338,89
337,89
336,88
336,85
336,87
334,89
334,90
332,92
330,92
329,91
329,86
330,85
331,86
331,88
331,87
333,85
334,85
333,85
332,84
333,83
335,83
335,82
336,81
338,83
338,84
339,85
339,87
340,86
347,86
340,86
338,84
338,82
337,81
338,80
341,80
341,78
341,79
340,80
338,80
337,79
338,78
337,77
336,78
335,77
334,78
329,78
328,77
328,76
327,75
327,74
329,72
330,73
330,74
331,75
330,74
331,73
330,72
328,72
327,71
328,70
329,70
330,69
331,69
332,68
337,68
268,68
268,69
267,70
267,71
266,72
269,75
269,76
272,79
272,80
271,81
267,77
267,76
264,73
266,75
266,76
265,77
266,76
271,81
272,80
273,81
273,82
274,82
276,84
277,84
278,85
278,86
282,90
281,91
280,91
279,90
278,90
277,89
276,89
275,88
276,87
275,88
271,84
271,83
271,84
272,85
272,86
273,87
274,87
276,89
277,89
278,90
279,90
280,91
281,91
282,92
282,93
281,94
280,94
278,92
277,92
278,92
280,94
279,95
280,96
281,95
281,94
282,93
282,92
281,91
282,90
286,90
287,91
288,91
290,93
289,94
289,95
288,96
285,96
286,97
287,96
289,96
290,97
290,98
289,99
280,99
279,98
278,99
277,98
276,98
275,97
271,97
270,96
268,96
267,95
264,95
262,93
263,94
263,96
264,97
263,96
264,95
267,95
268,96
270,96
271,97
270,98
271,97
275,97
276,98
277,98
278,99
278,100
278,99
279,98
280,99
288,99
289,100
289,101
288,102
285,102
284,103
283,103
282,102
281,103
280,103
279,102
278,102
277,103
274,103
277,103
278,102
279,102
280,103
281,103
282,102
283,103
284,103
285,102
289,102
290,101
296,101
298,99
299,100
300,100
301,101
299,103
298,103
300,103
300,102
301,101
304,101
301,101
300,100
299,100
298,99
300,97
301,98
309,98
307,98
306,97
305,98
301,98
299,96
298,96
297,95
298,94
297,95
291,95
291,96
290,97
289,96
289,94
290,93
294,93
295,92
296,92
297,91
298,92
300,92
301,93
300,94
301,94
302,95
304,95
305,94
310,94
311,93
311,90
311,93
310,94
308,94
307,93
306,94
304,94
303,95
302,95
301,94
301,92
300,92
299,91
298,92
297,91
296,92
295,92
294,93
290,93
288,91
287,91
286,90
282,90
280,88
280,87
278,85
278,84
277,84
275,82
274,82
273,81
273,80
272,79
272,78
271,78
270,77
270,76
266,72
269,69
351,67
351,69
349,71
351,69
353,71
353,73
352,74
352,76
353,77
352,76
352,75
353,74
353,71
352,70
352,69
351,68
263,64
262,65
261,65
261,66
263,64
265,66
262,69
261,68
259,68
261,68
262,69
260,71
261,72
260,73
261,74
261,75
260,76
259,76
258,75
258,76
257,77
256,76
256,74
256,76
257,77
257,78
255,80
254,80
255,80
256,81
257,81
256,81
255,80
256,79
257,79
257,77
258,76
261,76
262,75
261,74
261,71
264,68
265,69
265,70
265,69
266,68
265,68
264,67
266,65
265,66
264,65
264,64
205,64
204,65
204,66
204,65
205,64
206,65
206,67
204,69
203,68
202,68
201,69
201,73
202,74
203,74
204,73
204,72
205,71
205,70
204,69
205,68
206,68
206,64
197,63
197,68
210,60
210,61
209,62
209,64
209,62
210,61
361,59
250,59
251,60
250,61
251,62
250,63
249,63
248,64
247,63
247,64
246,65
247,66
245,68
245,69
246,70
245,71
245,72
246,71
246,69
247,68
249,68
247,68
246,67
247,66
249,66
247,66
246,65
247,64
250,64
250,63
251,62
252,62
251,62
250,61
251,60
252,60
251,59
327,58
329,60
329,62
332,62
330,62
329,61
329,60
328,59
328,58
308,58
305,61
304,61
298,67
299,68
298,69
298,78
300,80
300,81
301,82
301,83
302,84
302,85
303,86
303,87
305,87
306,88
305,87
305,86
304,87
302,85
304,83
305,83
306,82
305,83
304,83
303,84
300,81
300,80
299,79
299,78
298,77
298,70
299,69
299,67
303,63
303,62
304,61
305,61
306,60
308,62
308,61
309,60
314,60
315,61
314,62
313,62
312,63
310,63
307,66
308,65
310,67
309,68
308,68
307,69
307,70
306,71
306,74
305,75
305,77
304,78
303,77
303,73
304,72
302,70
304,68
302,70
302,71
303,71
304,72
303,73
303,77
304,78
304,79
304,78
305,77
305,75
306,74
306,71
307,70
308,71
307,70
310,67
311,67
311,65
310,64
311,63
312,63
313,62
318,62
316,62
315,61
315,60
309,60
308,59
309,58
318,58
319,59
320,59
321,60
322,60
321,60
320,59
319,59
318,58
280,58
283,61
283,63
281,65
281,66
280,67
280,71
279,72
280,71
280,68
281,67
281,66
282,65
282,64
283,63
283,61
284,60
284,59
284,60
283,61
282,60
282,59
281,58
298,57
296,59
296,61
294,63
294,64
295,65
295,67
295,66
296,65
296,64
297,63
298,64
297,63
298,62
298,61
300,59
300,57
315,56
319,56
320,57
321,56
322,57
323,57
324,58
325,58
324,58
322,56
321,56
320,57
319,56
281,55
281,56
218,55
218,59
217,60
216,60
215,59
215,57
215,59
214,60
213,59
212,60
212,61
213,62
211,64
211,65
212,64
212,63
213,62
214,63
214,64
214,63
213,62
214,61
214,60
215,59
216,60
217,60
218,61
216,63
216,65
215,66
215,67
215,66
216,65
216,63
217,62
219,62
220,63
218,65
218,66
219,65
219,64
220,63
217,60
218,59
208,55
208,58
207,59
206,59
205,60
204,60
203,61
203,62
201,64
201,65
200,66
199,65
199,63
199,65
200,66
200,67
199,68
199,69
198,70
198,71
196,73
196,75
195,76
195,77
196,78
196,80
195,81
195,82
194,83
194,84
195,85
195,87
196,88
194,90
194,92
193,93
193,95
193,93
194,92
194,90
196,88
196,87
197,86
198,87
198,88
199,89
199,90
198,91
197,90
196,91
196,93
195,94
195,95
195,94
196,93
196,91
197,90
198,91
198,93
199,94
198,95
198,96
197,97
197,98
196,99
196,100
195,101
195,105
194,106
194,109
193,110
194,111
194,114
194,106
195,105
195,102
196,101
196,99
198,97
198,96
199,95
199,93
198,92
199,91
199,87
198,87
197,86
197,85
198,84
199,84
200,83
202,85
202,86
204,88
204,89
205,88
204,87
203,87
202,86
202,85
201,84
201,83
199,81
199,82
200,83
199,84
198,84
197,85
195,85
194,84
194,83
195,82
195,81
196,80
196,79
197,78
198,78
200,76
202,78
202,80
203,80
204,81
206,81
206,80
207,79
207,78
206,77
206,76
207,75
207,73
208,72
208,70
209,69
209,67
209,68
208,69
208,72
207,73
207,75
206,76
206,77
207,78
207,79
205,81
204,81
203,80
204,79
203,80
202,79
202,77
201,77
199,75
199,73
198,74
199,75
199,76
197,78
196,78
195,77
195,76
196,75
196,73
199,70
199,68
201,66
201,65
203,63
203,62
204,61
205,62
204,61
205,60
206,60
207,61
207,62
207,61
206,60
207,59
208,59
210,57
212,57
211,56
211,55
278,54
279,55
279,56
278,57
278,60
279,61
277,63
276,63
275,62
275,63
273,65
272,65
273,65
274,64
275,65
275,67
276,68
276,71
277,72
277,74
278,75
278,78
278,75
277,74
277,71
278,70
278,67
278,70
277,71
276,70
276,67
275,66
275,64
276,63
278,63
278,62
279,61
278,60
278,57
279,56
279,55
350,50
351,50
310,50
308,52
307,52
307,53
308,52
309,53
310,53
309,53
308,52
309,51
311,51
312,52
355,47
356,48
259,47
260,44
262,43
263,44
263,48
263,44
215,43
214,44
210,44
214,44
217,41
218,41
219,42
219,41
313,36
312,37
312,39
311,40
311,41
310,42
309,42
305,46
305,49
306,50
307,50
309,48
310,48
312,46
311,47
310,47
307,50
306,50
305,49
305,47
307,45
308,46
307,45
311,41
312,42
312,43
313,44
314,43
316,43
317,44
317,45
317,44
316,43
316,41
314,39
313,39
312,38
313,37
254,36
255,37
255,39
254,40
254,42
255,43
258,43
259,42
260,42
259,42
258,43
256,43
254,41
254,40
256,38
258,38
256,38
255,37
255,36
343,33
344,34
344,36
346,38
347,38
346,38
345,37
345,36
344,35
344,34
282,32
281,33
280,33
279,34
279,36
282,39
281,40
279,40
278,41
277,40
276,40
277,41
278,41
280,43
280,44
281,45
281,44
280,43
280,42
279,42
278,41
279,40
281,40
282,39
283,40
283,41
284,42
283,43
284,44
284,45
287,48
286,49
286,50
285,51
283,49
283,48
282,47
281,47
283,49
283,50
284,51
286,51
287,52
287,53
288,54
288,56
289,56
292,59
292,60
291,61
291,63
290,64
289,63
290,64
290,67
289,68
289,70
288,71
287,70
287,68
286,67
286,64
287,63
287,61
289,59
288,60
287,59
288,60
287,61
287,63
286,64
285,63
286,64
286,66
285,67
284,66
285,67
285,68
284,69
284,71
284,69
286,67
287,68
287,69
286,70
286,74
284,76
285,76
285,75
286,74
286,71
287,70
289,72
289,75
289,71
290,70
289,69
289,68
290,67
290,65
291,64
291,61
292,60
292,59
293,58
293,57
295,55
295,54
296,53
297,54
297,55
297,54
296,53
296,51
297,50
298,50
298,47
299,46
300,47
300,51
299,52
298,52
299,52
300,51
300,47
299,46
299,45
300,44
302,46
302,52
301,53
301,55
302,55
303,56
304,55
306,55
307,56
305,58
304,58
303,59
302,58
303,59
302,60
303,59
304,59
307,56
308,56
309,55
311,55
312,54
313,54
314,53
316,53
317,52
319,52
320,51
330,51
333,54
332,55
331,55
330,56
331,56
332,55
333,55
334,54
335,54
333,54
332,53
332,52
331,51
319,51
318,50
317,50
316,49
317,48
321,48
317,48
316,47
316,48
315,49
314,48
314,47
314,48
315,49
314,50
313,50
314,50
316,52
315,53
314,53
313,54
312,54
311,55
309,55
308,56
307,56
306,55
305,55
302,52
302,46
303,45
303,44
302,44
301,43
301,35
300,35
299,34
298,34
299,35
299,36
300,35
301,36
301,43
299,45
299,46
298,47
298,49
297,50
296,49
296,48
295,47
295,40
296,39
295,40
295,42
294,43
293,43
292,44
292,45
293,46
293,48
292,49
291,49
290,48
291,49
292,49
293,50
293,54
294,55
294,56
293,57
293,58
292,59
290,57
291,56
290,57
288,55
288,54
287,53
289,51
290,51
289,51
288,52
287,52
286,51
286,50
287,49
287,47
284,44
284,41
283,40
283,39
279,35
279,34
280,33
281,33
284,36
282,34
242,32
239,35
238,34
239,35
238,36
237,36
236,35
236,34
235,35
233,35
232,34
232,35
235,35
236,36
235,37
235,38
234,39
231,39
230,40
231,39
232,40
232,43
231,44
231,46
230,47
229,46
227,46
229,46
230,47
230,48
229,49
229,50
228,51
228,52
227,53
227,54
226,55
226,56
225,57
225,58
224,59
224,64
225,65
224,66
224,69
225,70
225,71
226,72
224,74
222,74
221,73
222,72
222,69
221,70
222,71
220,73
219,72
220,73
221,73
222,74
223,74
225,76
225,77
226,78
225,79
224,79
224,80
225,79
226,79
227,80
226,81
227,81
229,83
228,84
229,83
231,83
230,82
230,81
229,80
230,79
229,80
230,81
230,82
229,83
227,81
227,80
226,79
226,78
225,77
225,75
224,74
226,72
227,73
227,75
228,74
230,76
231,75
232,76
232,75
229,72
229,71
226,68
226,69
225,70
224,69
224,66
225,65
224,64
224,59
226,57
226,56
227,55
227,54
228,53
229,54
229,55
230,56
230,60
231,61
231,63
230,64
230,65
229,66
229,68
229,66
230,65
230,64
231,63
232,64
232,67
231,68
231,70
231,69
232,68
232,67
234,65
236,67
236,70
237,71
237,72
238,73
238,74
239,75
239,76
240,77
241,77
240,77
239,76
239,75
238,74
238,72
237,71
237,70
236,69
236,64
237,63
238,63
239,64
239,65
238,66
239,66
240,67
240,68
239,69
240,70
240,73
240,70
239,69
241,67
242,68
242,72
243,73
243,77
244,78
251,78
252,77
251,76
252,75
254,75
252,75
251,76
252,77
251,78
244,78
243,77
243,73
242,72
242,70
243,69
242,68
243,67
243,54
246,51
248,53
249,52
248,52
247,51
245,51
245,52
244,53
243,52
243,45
244,44
243,45
243,51
242,52
241,51
241,50
241,56
238,59
238,62
237,63
236,63
235,62
235,61
235,62
236,63
236,65
235,66
234,65
234,64
232,64
231,63
231,60
230,59
230,56
229,55
229,54
230,53
230,52
232,50
232,48
233,47
233,46
236,43
236,42
235,43
234,42
234,41
233,42
232,41
232,40
233,39
234,39
236,37
237,38
237,40
237,38
236,37
237,36
239,36
239,35
242,32
243,32
328,30
328,32
331,32
332,33
332,34
331,35
332,34
336,34
337,35
337,36
338,35
339,35
340,36
340,37
341,38
342,38
345,41
345,43
346,43
347,42
348,42
351,45
349,47
348,47
347,46
348,45
347,46
346,46
345,45
344,45
344,47
344,46
345,45
346,46
347,46
348,47
347,48
346,48
346,50
345,51
344,51
343,50
344,49
343,49
343,51
344,51
346,53
347,53
349,55
350,55
351,56
352,56
353,57
352,58
352,59
351,60
349,58
349,57
347,57
347,58
346,59
346,62
347,63
347,65
344,68
343,68
340,65
341,64
345,64
341,64
340,63
339,63
338,62
338,61
338,62
339,63
340,63
341,64
340,65
338,65
337,64
331,64
330,65
327,65
326,66
325,66
324,65
323,65
322,64
322,62
321,62
322,63
322,64
323,65
324,65
326,67
325,68
325,70
324,71
323,70
323,68
322,68
320,66
320,65
320,66
319,67
319,69
316,72
315,71
313,73
312,72
313,73
313,76
312,77
312,83
312,78
313,77
314,78
314,87
314,77
315,76
316,77
316,81
317,82
317,84
317,83
318,82
319,83
319,82
320,81
321,81
322,80
323,81
323,83
323,80
324,79
325,80
325,82
325,80
324,79
325,78
325,77
324,76
325,75
325,68
328,65
330,65
331,64
337,64
338,65
339,65
341,67
338,70
340,72
341,72
340,72
338,70
341,67
342,67
343,68
342,69
342,70
342,69
343,68
349,74
349,75
348,76
349,77
348,78
343,78
349,78
350,79
352,79
354,81
352,79
351,79
348,76
349,75
350,75
347,72
347,71
344,68
347,65
349,67
348,68
349,68
349,67
347,65
347,62
346,61
346,59
347,58
348,59
348,60
349,61
348,60
348,59
349,58
351,60
351,61
351,60
352,59
353,60
353,62
354,63
353,64
353,65
354,66
354,68
355,69
355,70
357,72
357,73
358,74
358,76
358,73
357,72
357,71
356,71
355,70
355,69
354,68
354,66
353,65
353,64
354,63
356,65
357,65
358,66
357,67
356,67
357,67
358,66
359,67
360,67
362,69
362,70
362,69
363,68
365,70
364,69
364,67
363,66
363,65
362,65
364,67
363,68
361,68
360,67
359,67
356,64
355,64
354,63
354,62
353,61
353,60
352,59
352,58
353,57
355,59
356,59
358,61
359,61
360,62
360,61
359,61
358,60
357,60
356,59
356,56
357,55
359,57
357,55
356,55
354,53
353,53
352,52
353,51
353,50
354,49
353,50
353,51
352,52
350,52
352,52
353,53
354,53
356,55
356,58
355,59
353,57
354,56
353,57
352,56
351,56
348,53
347,53
345,51
346,50
348,50
348,48
349,47
350,48
349,47
350,46
352,46
353,47
348,42
349,41
348,41
346,43
345,42
345,41
344,40
344,39
343,38
342,38
339,35
338,35
337,34
333,34
331,32
329,32
328,31
244,30
245,31
239,30
238,31
237,31
239,31
329,28
330,29
332,29
333,30
336,30
337,31
337,30
336,30
335,29
334,30
333,30
332,29
331,29
330,28
316,26
316,27
317,28
317,29
318,30
318,33
319,33
321,35
321,36
321,35
320,34
320,30
320,32
319,33
318,32
318,29
316,27
317,26
296,26
299,26
300,27
301,26
300,27
299,26
267,26
265,28
261,28
266,28
266,27
267,26
268,27
269,26
282,24
282,25
281,26
278,26
276,28
275,28
274,27
271,27
268,30
266,30
267,30
269,32
273,32
269,32
268,31
268,30
271,27
274,27
275,28
276,28
277,27
278,27
279,26
281,26
283,24
284,24
285,25
284,26
284,27
282,29
281,29
280,28
279,29
278,29
277,30
274,30
273,29
272,29
273,29
274,30
278,30
279,31
280,31
279,31
278,30
279,29
283,29
284,28
284,26
285,25
285,24
256,24
255,25
254,25
253,26
251,26
251,28
252,28
253,29
253,31
252,32
251,32
253,32
254,33
254,34
255,33
254,33
253,32
253,26
254,25
255,26
255,27
256,27
257,28
259,26
260,26
261,25
261,24
261,25
260,26
258,26
257,27
256,27
255,26
255,25
256,24
259,24
329,23
299,20
299,21
298,22
297,22
296,23
295,23
293,25
292,25
292,26
291,27
290,27
291,27
292,28
290,30
288,30
287,29
286,29
287,30
288,30
289,31
290,30
291,30
292,31
291,32
291,35
292,36
292,39
291,40
286,40
287,40
288,41
288,42
287,43
287,44
287,43
288,42
288,41
289,40
291,40
292,39
292,38
294,36
296,36
293,36
291,34
291,33
293,31
292,31
291,30
291,29
292,28
293,29
294,29
295,30
297,30
298,31
300,31
301,30
302,31
302,32
303,32
302,31
304,29
305,29
306,28
306,26
307,25
306,26
306,28
305,29
304,29
303,30
302,29
301,30
300,30
299,29
298,29
297,28
295,28
294,29
293,28
292,28
291,27
293,25
294,25
297,22
299,22
299,21
300,20
271,17
270,18
271,19
268,17
268,19
267,20
264,20
263,21
262,21
264,21
265,20
267,20
268,19
265,12
265,13
266,14
266,15
265,16
264,16
263,17
262,17
260,19
259,18
256,18
255,19
255,20
253,22
252,22
251,23
250,23
249,24
247,24
246,25
237,25
236,26
235,26
232,29
231,29
228,32
226,32
224,34
223,34
222,35
219,35
218,36
213,36
210,39
209,39
208,40
207,40
205,42
204,42
202,44
202,45
201,46
201,48
200,49
200,52
201,53
201,54
202,55
199,58
199,59
198,60
198,61
198,60
200,58
201,59
201,60
200,61
205,56
206,56
205,56
204,57
203,57
201,59
200,58
200,57
202,55
201,54
201,53
200,52
200,49
201,48
202,49
202,51
203,52
203,53
204,54
206,54
207,53
208,53
208,52
209,51
210,52
210,53
213,53
214,54
216,54
217,53
218,53
219,52
220,52
222,50
223,50
224,49
223,48
223,47
223,49
222,50
221,49
221,50
219,52
218,52
216,54
214,54
213,53
213,52
214,51
215,51
217,49
218,49
219,48
218,47
220,45
220,44
221,43
223,43
222,43
221,42
222,41
224,41
225,42
226,42
227,43
226,44
225,44
224,45
222,45
224,45
225,44
227,44
227,42
226,42
225,41
221,41
221,43
220,44
220,45
218,47
214,47
214,48
210,52
209,51
209,50
211,48
211,47
210,46
209,46
207,44
209,42
213,42
214,41
215,41
214,41
213,42
209,42
207,44
206,44
203,47
203,48
202,49
201,48
201,46
205,42
206,42
208,40
209,40
210,39
211,39
214,36
218,36
219,35
222,35
223,34
225,34
227,32
229,32
232,29
233,29
235,27
237,29
238,28
241,28
242,29
243,28
245,28
248,31
247,32
247,35
243,39
243,40
241,42
240,42
240,43
241,44
241,46
240,47
240,48
239,49
238,48
238,47
238,48
237,49
237,50
238,51
238,53
238,51
239,50
239,49
241,47
241,44
240,43
242,41
243,41
244,42
243,41
243,40
244,39
244,38
245,37
246,38
246,39
247,40
247,43
250,46
249,47
250,46
252,48
253,48
254,49
260,49
261,50
262,50
263,51
262,52
261,52
260,53
262,55
263,55
266,52
267,52
268,53
267,54
267,55
266,56
265,56
263,58
262,57
263,58
261,60
260,59
260,58
260,59
259,60
257,58
257,60
256,61
256,64
257,65
258,65
258,64
259,63
259,60
260,59
261,60
262,59
264,59
264,57
265,56
268,56
269,57
269,59
271,59
270,59
269,58
269,56
268,56
267,55
267,54
268,53
269,53
267,51
268,50
267,51
266,50
266,49
267,48
271,48
273,46
274,46
275,47
275,48
274,49
274,50
273,51
272,50
270,50
272,50
273,51
273,52
272,53
271,53
272,53
273,54
272,55
271,55
275,55
276,56
275,57
274,57
273,58
272,57
271,57
272,57
274,59
273,58
274,57
275,57
276,58
276,60
276,54
275,53
276,54
275,55
274,55
273,54
273,52
274,51
276,51
277,50
278,51
279,50
279,49
279,50
278,51
276,49
276,48
274,46
272,46
271,45
271,44
272,43
270,45
265,45
271,45
272,46
272,47
271,48
267,48
266,49
266,51
265,52
265,53
263,55
262,54
261,54
260,53
261,52
263,52
263,50
261,50
260,49
255,49
254,48
253,48
247,42
247,40
246,39
246,36
247,35
247,32
248,31
249,32
249,36
250,37
250,38
249,39
250,40
250,41
251,42
251,43
253,45
254,45
255,46
256,46
255,45
254,45
253,44
252,44
251,43
251,41
249,39
251,37
250,37
249,36
250,35
249,34
249,31
248,31
247,30
247,29
248,28
249,29
248,28
249,27
247,29
246,28
245,28
244,27
243,28
236,28
235,27
236,26
237,26
238,25
247,25
248,24
249,24
250,23
252,23
253,22
254,22
255,21
258,21
256,21
255,20
257,18
259,18
260,19
261,18
262,18
263,17
264,17
265,16
266,16
266,14
265,13
266,12
267,12
269,14
274,14
276,16
282,16
283,15
288,15
290,13
291,13
292,12
295,12
296,13
294,15
293,14
294,15
295,14
296,14
296,13
297,12
301,16
301,17
302,18
303,18
304,19
305,19
307,21
310,21
311,22
313,22
314,21
316,21
317,20
318,20
319,21
320,21
322,23
321,24
318,24
317,23
315,23
317,23
318,24
319,24
320,25
322,23
323,23
325,25
327,25
328,26
329,25
332,25
333,26
335,26
336,27
338,27
339,28
340,28
341,29
342,29
343,30
344,30
348,34
348,35
349,36
349,37
350,38
351,38
352,39
353,39
356,42
356,43
358,45
359,45
361,47
361,48
360,49
358,49
357,50
357,52
365,60
366,60
366,59
367,58
369,60
369,62
370,63
370,65
371,66
369,68
368,67
368,66
367,65
367,64
366,63
367,64
367,65
368,66
368,67
369,68
368,69
368,71
364,75
365,75
366,74
367,74
367,72
368,71
368,69
369,68
370,69
370,72
369,73
370,74
370,76
370,67
371,66
372,67
372,70
374,70
373,70
372,69
372,66
371,65
373,63
374,64
374,65
375,66
375,67
376,68
376,71
377,72
377,75
378,76
378,78
380,80
380,81
379,82
379,86
380,87
380,89
381,90
381,96
382,97
382,98
381,99
382,100
382,102
383,103
383,105
384,106
384,107
383,108
383,110
382,111
380,111
381,111
382,112
382,115
383,116
383,118
384,119
384,120
385,121
385,122
386,122
387,123
387,124
388,125
388,126
389,127
389,128
390,129
390,132
387,135
386,135
385,136
384,136
385,137
385,139
384,140
383,140
380,143
378,143
379,143
380,144
378,146
377,146
376,147
375,146
373,146
374,146
375,147
373,149
373,151
374,152
373,153
373,154
372,155
372,158
371,159
371,162
372,163
372,167
373,168
373,172
372,173
371,172
371,169
370,168
370,165
369,164
369,162
368,161
368,159
367,158
367,156
366,155
366,150
365,149
365,144
364,143
364,142
363,141
363,126
362,125
363,124
363,119
362,118
362,116
361,115
361,114
362,113
362,112
363,111
364,112
365,112
365,107
366,106
367,107
367,110
369,110
370,109
369,108
370,107
369,108
368,108
367,107
368,106
364,106
364,107
365,108
364,109
365,110
365,111
364,112
361,109
362,108
360,108
358,106
358,104
359,103
360,103
360,102
359,101
358,101
359,101
360,102
358,104
356,102
356,101
355,101
354,100
354,99
356,97
357,97
358,98
357,99
358,98
360,98
361,97
360,98
358,98
357,97
360,94
361,94
362,93
363,93
364,94
363,93
364,92
363,91
360,91
359,90
359,85
358,84
358,85
359,86
359,90
358,91
356,91
355,90
354,90
352,88
350,88
349,87
347,89
347,90
350,90
352,92
354,92
355,91
363,91
364,92
363,93
362,93
361,94
359,94
358,95
358,96
357,97
356,97
354,95
346,95
346,96
347,95
354,95
356,97
355,98
354,98
354,99
353,100
352,99
352,98
352,100
351,101
348,98
347,98
346,99
347,98
348,98
350,100
350,101
353,104
351,106
350,105
350,104
349,104
350,105
350,106
349,107
347,107
346,106
347,105
347,103
348,102
348,101
348,102
347,103
344,100
344,99
343,99
344,100
344,101
343,102
344,101
347,104
347,105
346,106
344,104
340,104
337,101
338,100
337,101
336,101
338,103
337,104
336,104
335,103
334,103
333,102
334,101
333,102
333,103
334,103
336,105
336,106
339,109
342,109
345,112
345,113
347,113
346,113
345,112
345,111
346,110
345,111
343,109
343,108
342,107
342,106
341,106
343,108
342,109
340,109
339,108
338,108
337,107
337,106
336,105
338,103
339,104
343,104
346,107
348,107
353,112
354,112
355,113
355,114
356,113
357,113
356,113
355,112
356,111
355,112
353,112
352,111
352,110
351,109
352,108
360,108
362,110
362,113
361,114
360,114
362,116
362,118
363,119
363,124
362,125
363,126
363,142
365,144
365,149
366,150
366,155
367,156
367,158
368,159
368,161
369,162
369,165
370,166
370,168
371,169
371,194
371,174
372,173
373,174
373,175
374,176
373,177
373,197
372,198
372,203
373,204
372,205
372,206
373,207
373,225
372,226
372,229
371,230
371,232
370,233
370,236
369,237
369,238
368,239
368,240
366,242
366,244
364,246
364,247
362,249
362,251
361,252
360,252
360,253
359,254
359,256
358,257
358,259
356,261
355,261
355,262
354,263
354,264
353,265
353,266
351,268
351,269
350,270
350,271
349,272
349,273
348,274
348,275
347,276
347,277
346,278
346,279
345,280
344,279
344,277
345,276
345,275
345,276
344,277
344,278
343,279
344,279
345,280
345,281
343,283
342,282
342,281
341,281
342,282
342,283
343,284
343,285
342,286
340,284
340,283
340,284
342,286
341,287
341,288
340,289
338,287
340,289
338,291
338,292
335,295
334,295
333,296
332,296
330,298
329,298
328,299
327,299
326,300
325,300
324,301
318,301
317,300
318,299
321,299
322,298
323,298
324,297
325,297
326,296
328,296
329,295
330,295
331,294
332,294
333,293
334,293
334,291
336,289
337,289
336,289
334,287
335,286
336,286
337,285
338,285
338,284
336,286
335,285
335,286
333,288
332,288
331,287
332,288
331,289
330,289
329,288
329,283
330,282
330,281
330,282
329,283
329,288
328,289
328,293
327,294
328,294
329,295
328,296
325,296
324,295
325,296
323,298
322,298
321,299
313,299
310,296
309,296
308,297
307,297
306,296
306,294
306,295
305,296
304,295
301,295
300,294
300,295
303,295
304,296
305,296
307,298
306,299
306,300
304,302
303,301
301,301
300,300
298,300
297,299
295,299
294,298
293,298
292,297
291,297
288,294
288,293
287,293
285,291
286,290
286,288
287,287
288,287
289,288
288,289
289,288
288,287
286,287
286,290
285,291
284,291
283,290
284,289
284,288
283,289
282,289
281,288
281,287
280,287
279,286
280,285
282,285
283,286
284,286
283,286
282,285
281,285
280,284
280,282
277,282
276,281
276,278
276,279
275,280
277,282
279,282
280,283
280,285
279,286
277,284
276,284
273,281
274,282
274,283
275,284
276,284
278,286
279,286
286,293
287,293
288,294
288,295
289,296
290,296
292,298
294,298
295,299
296,299
297,300
300,300
301,301
303,301
304,302
305,301
306,302
313,302
314,301
325,301
326,300
327,300
328,299
329,299
330,298
331,298
334,295
336,295
338,293
338,292
341,289
341,288
342,287
342,286
343,285
343,284
345,282
345,281
346,280
346,279
347,278
347,276
349,274
349,273
350,272
350,271
351,270
351,269
353,267
353,266
354,265
354,264
355,263
355,262
356,261
357,261
358,262
358,267
360,269
365,269
366,270
368,270
369,271
370,271
371,272
372,272
373,273
374,273
375,274
376,274
377,275
378,275
379,276
380,276
381,277
385,277
386,278
388,278
389,279
390,279
391,280
392,280
393,281
394,281
395,282
397,282
398,283
400,283
401,284
402,284
403,285
405,285
406,286
407,286
408,287
410,287
411,288
412,288
413,289
414,289
415,290
416,290
417,291
418,291
419,292
421,292
422,293
423,293
424,294
425,294
426,295
427,295
429,297
430,297
432,299
433,299
435,301
436,301
437,302
440,302
441,303
443,303
445,305
446,305
448,307
449,307
450,308
451,308
452,309
453,309
455,311
457,311
458,312
459,312
461,314
462,314
465,317
466,317
472,323
472,324
476,328
476,329
477,330
477,331
478,332
478,333
479,334
479,336
480,337
480,338
481,339
481,341
483,343
483,345
484,346
484,347
485,348
485,349
486,350
486,351
487,352
487,354
489,356
489,358
490,359
490,360
491,361
491,363
492,364
492,365
493,366
493,367
494,368
494,370
495,371
495,372
496,373
496,375
497,376
497,377
498,378
498,380
499,381
499,383
500,384
500,386
501,387
501,389
502,390
502,392
503,393
503,395
504,396
504,397
504,395
503,394
503,393
502,392
502,390
501,389
501,387
500,386
500,384
499,383
499,381
498,380
498,378
497,377
497,376
496,375
496,373
495,372
495,370
494,369
494,368
493,367
493,365
492,364
492,363
491,362
491,361
490,360
490,358
489,357
489,356
488,355
488,354
487,353
487,352
486,351
486,349
485,348
485,347
484,346
484,345
483,344
483,343
482,342
482,341
481,340
481,338
480,337
480,336
479,335
479,334
478,333
478,331
477,330
477,329
476,328
476,327
472,323
472,322
467,317
466,317
463,314
462,314
461,313
460,313
458,311
456,311
454,309
453,309
452,308
451,308
450,307
449,307
447,305
446,305
445,304
444,304
443,303
441,303
440,302
438,302
437,301
436,301
435,300
434,300
431,297
430,297
428,295
427,295
426,294
425,294
424,293
422,293
421,292
420,292
419,291
417,291
415,289
414,289
413,288
411,288
410,287
409,287
408,286
406,286
405,285
403,285
402,284
401,284
400,283
398,283
397,282
396,282
395,281
393,281
392,280
391,280
390,279
389,279
388,278
386,278
385,277
382,277
381,276
380,276
379,275
377,275
375,273
374,273
373,272
372,272
371,271
369,271
368,270
366,270
365,269
361,269
358,266
358,262
357,261
357,260
358,259
358,257
359,256
359,255
360,254
360,253
362,251
362,250
364,248
364,247
366,245
366,243
368,241
368,239
369,238
369,237
370,236
370,233
371,232
371,230
372,229
372,226
373,225
373,207
372,206
372,205
373,204
372,203
372,199
374,197
375,197
376,196
377,196
379,194
379,193
380,192
380,190
381,189
381,183
380,182
380,181
379,180
379,174
380,173
380,170
381,169
381,166
382,165
382,158
383,157
383,153
384,152
384,143
385,142
384,141
386,139
387,139
387,136
390,133
390,129
389,128
389,127
388,126
388,124
387,123
387,122
386,122
384,120
385,119
383,117
383,115
382,114
382,112
383,111
383,108
384,107
384,106
383,105
383,103
382,102
382,100
381,99
382,98
382,97
381,96
381,89
380,88
380,87
379,86
379,82
380,81
380,79
378,77
378,76
377,75
377,72
376,71
376,68
375,67
375,65
373,63
373,61
372,60
372,59
371,58
372,59
372,61
373,62
373,63
371,65
370,64
370,63
369,62
369,59
367,57
367,56
361,50
361,46
360,45
359,45
356,42
356,41
354,39
352,39
349,36
349,35
348,34
348,33
345,30
344,30
343,29
342,29
341,28
340,28
339,27
336,27
335,26
333,26
332,25
326,25
324,23
323,23
322,22
321,22
320,21
319,21
318,20
317,20
316,21
314,21
313,22
311,22
310,21
308,21
306,19
305,19
304,18
303,18
301,16
301,15
298,12
297,12
296,13
295,12
292,12
291,13
289,13
287,15
282,15
281,16
277,16
276,15
275,15
274,14
269,14
267,12
